Metrics for diabetes model:
Accuracy: 0.7857142857142857
Precision: 0.7058823529411765
Recall: 0.5106382978723404
F1 Score: 0.5925925925925926